./pwrtrc6 1 100
[sudo] password for zero: 
 power fraction of watt 0.0625
zeit0.000976562 tu10
energy3.05176e-05 esu14
fraction0.0625
scalecpu3.05176e-05 scalemem7.6294e-06 timesteps1024
9.02329 9.96183 1.15134 1.17514
9.06357 9.95963 1.16219 1.16261
9.02723 9.98203 1.17259 1.19307
9.06418 9.96314 1.1572 1.17216
8.99839 9.96189 1.15892 1.17027
8.99113 9.97691 1.16065 1.15875
9.02222 9.94108 1.15369 1.17525
8.88163 9.97254 1.14182 1.17436
8.87992 9.86027 1.14264 1.16627
8.89628 10.0309 1.16022 1.17957
8.83558 9.93104 1.14996 1.17132
9.01096 10.0142 1.15594 1.18136
8.93214 9.90473 1.1571 1.16984
9.10444 10.0341 1.1723 1.18783
9.34034 10.1792 1.18364 1.17904
9.42057 10.0872 1.18095 1.16231
9.27244 10.1585 1.1661 1.17205
8.95591 10.0729 1.15142 1.17538
9.01493 9.90974 1.15051 1.1694
10.4625 10.7711 1.22786 1.21887
13.077 12.5978 1.40642 1.34791
9.67408 10.1446 1.19319 1.1903
9.56028 10.2618 1.2106 1.2111
9.01273 10.0477 1.16558 1.18515
8.95023 10.0529 1.17133 1.1829
9.1681 10.1311 1.16522 1.19038
9.20624 10.1194 1.17431 1.18298
9.51151 10.4265 1.18936 1.18768
9.4654 10.1404 1.19537 1.18482
9.18153 10.0878 1.17696 1.18347
9.09632 10.0977 1.17268 1.1615
9.14301 10.2183 1.19023 1.19051
9.19096 9.99979 1.17274 1.16736
9.44025 10.2534 1.20328 1.19819
9.33167 10.1954 1.18665 1.1713
9.14527 10.1145 1.15798 1.18028
8.92182 10.0926 1.15141 1.17796
9.45631 10.2516 1.19202 1.19739
9.14222 10.027 1.15728 1.17943
9.29685 10.1523 1.18998 1.17988
8.93983 9.9929 1.15012 1.17014
9.08518 10.0188 1.16979 1.18644

